Denver Metro Area Delivery - $19.99

80303

80027

80026

80020

80602

80614

80601

80640

80021

80241

80234

80233

80260

80229

80031

80007

80005

80030

80221

80003

80004

80002

80403

80033

80215

80214

80401

80212

80211

80216

80202

80204

80225

80226

80219

80223

80203

80218

80206

80205

80207

80238

80010

80220

80230

80012

80011

80014

80247

80231

80224

80246

80222

80209

80210

80237

80111

80113

80022

80603

80240

80239

80017

80013

80015

80112

80121

80122

80130

80124

80126

80129

80120

80128

80123

80110

80125

80127

80236

80235

80465

80228

80227

80232

80437

80439

80433

 

Outlying Delivery Areas - $30.00

 

80305

80249

80019

80018

80137

80016

80138

80134

80108

80135

 

Aspen/Vail Mountain Delivery - $30

81657

81658

81631

81623

81654

81620

81647

81615

81632

81601

81621

81611

81612

81656